%YAML:1.0
---
CameraExtrinsicMat: !!opencv-matrix
   rows: 4
   cols: 4
   dt: d
   data: [ -3.7043446516630940e-02,  8.3237545856623685e-04, -9.9931330933860041e-01, -3.4493961563525043e-02,
            9.9926899231387023e-01, -9.4235983330035467e-03, -3.7049653095278967e-02, -5.8963779622631211e-02,
           -9.4479664580163214e-03, -9.9995525047151690e-01, -4.8268442486532059e-04,  2.0277872737934539e-02, 
            0., 0., 0., 1. ]
            
CameraMat: !!opencv-matrix
   rows: 3
   cols: 3
   dt: d
   data: [ 1399.56, 0.,      1049.69, 
           0.,      1399.56, 540.251, 
           0.,      0.,      1. ]
DistCoeff: !!opencv-matrix
   rows: 5
   cols: 1
   dt: d
   data: [ -0.178554, 
            0.0307435,
            0.0, 
            0.0,
            0.0]
ImageSize: [ 1920, 1080 ]
ReprojectionError: 3.5776148531542123e-01
